6920	0.64	12635.8	38977	8759	10811.3	211439	942198	54296.8	131928	
6921	1.189	12616.4	38971.1	8755.39	10815	210818	934058	54260.4	132052	
6922	1.742	12604.8	39000.6	8740.97	10803.8	210715	940460	54311.3	131912	
6923	2.331	12601	38888.7	8740.97	10792.5	211025	942820	54158.8	131625	
6924	2.821	12566.1	38900.4	8733.73	10796.3	210524	937701	54158.8	131838	
6925	3.371	12589.3	38924	8737.34	10803.8	210200	939429	54275	131953	
6926	3.91	12616.4	38853.3	8722.91	10785	210553	945523	54151.6	131494	
6927	4.46	12608.7	38841.6	8730.14	10792.5	210568	939182	54057.4	131928	
6928	5.01	12585.5	38859.2	8722.91	10796.3	210230	938894	54151.6	132183	
6929	5.55	12597.1	38829.8	8708.48	10788.8	210362	944107	54151.6	131789	
6930	6.099	12589.3	38800.4	8722.91	10796.3	210406	937496	54064.6	131740	
6931	6.639	12577.7	38888.7	8726.53	10788.8	210053	935201	54173.3	132224	
6932	7.189	12601	38871	8719.31	10777.6	210538	939017	54231.4	132043	
6933	7.742	12581.6	38806.3	8726.53	10781.3	210892	939635	54137.1	131896	
6934	8.282	12573.9	38876.9	8737.34	10785	210582	934507	54195.1	132109	
6935	8.832	12589.3	38929.9	8737.34	10762.6	210671	939883	54311.3	132019	
6936	9.382	12585.5	38894.5	8719.31	10792.5	211172	941328	54245.9	131756	
6937	9.921	12585.5	38918.1	8730.14	10785	210715	932876	54216.9	132126	
6938	10.491	12585.5	38977	8730.14	10785	210686	939676	54340.3	132249	
6939	11.023	12601	38929.9	8737.34	10788.8	211172	944773	54267.7	131969	
6940	11.563	12597.1	38876.9	8719.31	10796.3	210862	939141	54238.6	132216	
6941	12.102	12601	38906.3	8730.14	10792.5	210421	938729	54340.3	132265	
6942	12.652	12601	38918.1	8733.73	10792.5	210907	946525	54296.8	132208	
6943	13.202	12593.2	38871	8733.73	10800	210936	939305	54216.9	132298	
6944	13.742	12581.6	38935.8	8748.17	10781.3	210553	936142	54340.3	132620	
6945	14.291	12597.1	38947.5	8740.97	10796.3	211054	939594	54376.7	132389	
6946	14.831	12601	38876.9	8748.17	10792.5	211261	939470	54216.9	132381	
6947	15.381	12581.6	38935.8	8751.78	10800	210627	934548	54282.2	132760	
6948	15.93	12608.7	38965.2	8744.56	10788.8	211202	939429	54449.5	132463	
6949	16.49	12616.4	38894.5	8737.34	10788.8	211409	939759	54318.5	132463	
6950	17.017	12593.2	38953.4	8751.78	10796.3	211305	934752	54413.1	132893	
6951	17.567	12616.4	39006.5	8751.78	10792.5	211483	940337	54551.5	132711	
6952	18.107	12628	38994.7	8748.17	10815	212151	942654	54442.2	132546	
6953	18.657	12697.8	39296	8798.73	10841.3	213240	939553	54836.3	133773	
6954	19.206	12759.8	39610.6	8867.41	10871.3	214367	951099	55195.6	134526	
6955	19.766	12814.2	39729.7	8892.73	10916.3	215578	954524	55320.7	134913	
6956	20.306	12837.5	39866.8	8925.31	10931.3	215684	950888	55527.1	135826	
6957	20.875	12895.8	39962.4	8921.69	10942.6	216202	958526	55667.5	135352	
6958	21.415	12899.7	39974.4	8947.03	10953.8	216614	959939	55630.5	135048	
6959	21.955	12907.5	39944.5	8965.14	10976.4	216278	949038	55726.6	135149	
6960	22.514	12930.8	39932.5	8954.28	10987.7	216217	955160	55741.4	134711	
6961	23.054	12942.5	39825	8947.03	11002.7	216660	955330	55615.7	134367	
6962	23.604	12899.7	39777.3	8957.91	11010.2	216034	948954	55512.3	134241	
6963	24.144	12915.2	39652.2	8936.17	11006.5	215471	950425	55305.9	132909	
6964	24.693	12903.6	39450.2	8918.08	11025.3	215183	946107	54946.1	131682	
6965	25.243	12895.8	39355.3	8907.2	11010.2	214382	936757	54449.5	130590	
6966	25.793	12888	39130.4	8881.88	11010.2	213270	935488	53775.4	128587	
6967	26.332	12837.5	38900.4	8849.33	11017.8	212210	930035	52778.8	126752	
6968	26.882	12825.8	38753.4	8845.7	11014	210465	919897	51886.5	125109	
6969	27.432	12787	38512.9	8798.73	10999	209059	921168	50789.2	122662	
6970	27.992	12755.9	38197.5	8787.89	11006.5	207047	906659	49495.9	120489	
6971	28.521	12717.1	38005.4	8737.34	11002.7	204323	896632	48238	118599	
6972	29.071	12670.6	37767.5	8704.89	10987.7	202595	894099	46981.3	116055	
6973	29.621	12631.9	37490	8658.03	10972.6	200087	881188	45564.4	113960	
6974	30.16	12589.3	37299.9	8636.41	10953.8	197310	872092	44358.8	112049	
6975	30.71	12558.4	37116.1	8593.2	10927.6	195167	870796	43079.2	109762	
6976	31.26	12535.2	36841.2	8557.23	10916.3	192310	855649	41748.5	107589	
6977	31.81	12481.1	36715.6	8517.69	10908.8	189317	847463	40611	105726	
6978	32.349	12438.7	36522	8488.94	10878.8	186885	845208	39539.2	103667	
6979	32.899	12384.7	36300.5	8442.27	10852.5	184358	829853	38395.9	101693	
6980	33.449	12353.8	36221.2	8413.56	10845	180981	824866	37432.4	99853.6	
6981	33.998	12330.7	36012	8377.7	10818.8	178675	821906	36561.8	97850.5	
6982	34.538	12249.9	35814.6	8331.13	10800	175895	811076	35601.1	96239.1	
6983	35.088	12234.6	35792.1	8313.23	10762.6	173089	804694	34869.9	94676.8	
6984	35.637	12200	35556.2	8277.44	10743.9	170687	801799	34146.6	93036.8	
6985	36.187	12150	35416.2	8241.67	10743.9	168337	791161	33371.3	91670.6	
6986	36.737	12130.9	35332.3	8227.38	10702.7	165608	784576	32819.9	90224.1	
6987	37.277	12084.8	35254.1	8184.5	10676.5	163430	783592	32209	88755.8	
6988	37.816	12019.7	35064.5	8163.06	10646.6	161068	773319	31614.3	87513.6	
6989	38.365	11992.9	35003.3	8120.23	10620.5	158494	767079	31134.9	86277.1	
6990	38.915	11962.3	34931	8091.7	10590.6	156501	767222	30680	84941.9	
6991	39.485	11927.9	34820	8081	10575.7	154598	757717	30228.1	83759.5	
6992	40.014	11878.2	34803.4	8063.19	10534.7	152188	751366	29861.7	82734.8	
6993	40.554	11874.4	34720.2	8027.56	10516	150424	751642	29466.6	81469.8	
6994	41.104	11820.9	34576.4	8002.64	10516	148600	744291	29094.3	80450.5	
6995	41.654	11790.4	34587.4	7988.41	10463.9	146487	738378	28779.7	79590	
6996	42.193	11775.1	34488	7967.06	10434.1	144967	739559	28502	78523.6	
6997	42.743	11733.2	34416.3	7956.39	10426.6	143393	731675	28150.2	77594.7	
6998	43.293	11695.1	34366.7	7935.05	10374.6	141545	726327	27965	76770.8	
6999	43.842	11695.1	34333.6	7895.95	10344.8	140252	727867	27710.7	75718.6	
7000	44.382	11641.8	34262.1	7874.64	10333.7	138756	718842	27516.8	75024	
7001	44.932	11607.6	34262.1	7860.44	10307.7	137063	715150	27353.3	74492.8	
7002	45.492	11622.8	34234.6	7842.69	10266.9	136013	717794	27190.2	73651.3	
7003	46.041	11554.4	34157.6	7832.03	10255.7	134753	709286	26924.1	73119.2	
7004	46.571	11535.5	34185.1	7842.69	10226	133349	707939	26835.7	72581.3	
7005	47.121	11539.3	34163.1	7807.2	10196.4	132389	710061	26683.7	71920.3	
7006	47.67	11501.3	34113.7	7807.2	10166.8	131380	704246	26571.1	71434.5	
7007	48.21	11497.5	34135.7	7793.02	10133.4	130072	702990	26493	71094.4	
7008	48.76	11489.9	34102.7	7768.2	10129.7	129347	704271	26449	70524.6	
7009	49.319	11459.6	34053.3	7761.13	10103.8	128516	698879	26317.4	70117.3	
7010	49.861	11440.6	34113.7	7757.56	10070.5	127469	696016	26259	69826.4	
7011	50.411	11436.8	34102.7	7754.03	10033.6	126776	699854	26200.7	69326.2	
7012	50.95	11417.9	34053.3	7754.03	10029.9	126158	694183	26147.2	69099	
7013	51.5	11399	34086.3	7736.31	9996.64	125225	692790	26186.1	68759.3	
7014	52.04	11380	34108.2	7732.77	9985.56	124677	695099	26161.8	68230.8	
7015	52.603	11364.9	34047.9	7722.16	9963.42	124093	690543	26118.1	68127.3	
7016	53.134	11364.9	34102.7	7722.16	9915.47	123375	689733	26152.1	67851.7	
7017	53.684	11353.5	34086.3	7700.91	9897.05	122980	691641	26113.2	67371.5	
7018	54.244	11327	34113.7	7722.16	9878.61	122654	686180	26103.5	67260.5	
7019	54.784	11315.7	34201.6	7707.98	9856.52	122043	686275	26176.4	66970.7	
7020	55.323	11315.7	34135.7	7711.53	9823.38	121630	688735	26147.2	66546.4	
7021	55.881	11304.3	34135.7	7697.38	9816.02	121166	684815	26127.8	66326.6	
7022	56.417	11296.8	34152.1	7697.38	9793.94	120705	684909	26161.8	66065.3	
7023	56.967	11281.7	34124.7	7686.75	9757.16	120267	684440	26098.7	65645.5	
7024	57.516	11296.8	34097.2	7686.75	9753.48	119897	682519	26045.3	65411.4	
7025	58.076	11277.9	34130.2	7697.38	9738.78	119265	680516	26055	65036.5	
7026	58.606	11270.3	34075.3	7676.13	9687.36	119147	681633	25996.9	64572.3	
7027	59.155	11266.5	34080.8	7679.67	9680.02	118468	678060	25933.9	64291.8	
7028	59.705	11255.2	34108.2	7676.13	9650.64	117930	677829	25924.2	63995.8	
7029	60.265	11232.6	34042.4	7676.13	9639.64	117670	676723	25861.3	63578.3	
7030	60.794	11153.3	33801.6	7623.09	9591.97	116376	668751	25624.9	63065.4	
7031	61.344	11126.9	33594.3	7577.14	9526.03	115451	667670	25514.2	62378.6	
7032	61.894	11051.6	33382.2	7545.38	9504.08	114802	664447	25327	61913.2	
7033	62.454	11021.5	33338.8	7527.73	9452.88	113932	660455	25231.2	61649.6	
7034	63.023	11017.8	33300.8	7510.09	9427.28	113653	664714	25226.4	61339.3	
7035	63.533	10991.4	33241.2	7506.56	9390.75	113201	660058	25087.8	61101.3	
7036	64.103	10953.8	33257.4	7492.45	9357.89	112607	658343	25049.6	61101.3	
7037	64.634	10968.9	33257.4	7488.94	9328.72	112469	662800	25025.8	61045.8	
7038	65.174	10946.3	33289.9	7488.94	9303.17	112331	659838	25006.7	61148.8	
7039	65.723	10938.8	33387.6	7492.45	9281.3	111926	660852	25078.3	61506.2	
7040	66.273	10953.8	33447.4	7499.5	9259.45	112049	666458	25159.5	61753.4	
7041	66.813	10946.3	33556.1	7503.03	9244.88	112132	665071	25212.1	62145.6	
7042	67.363	10957.6	33665.1	7517.14	9223.02	112070	667131	25360.6	62636.5	
7043	67.912	10980.2	33790.6	7527.73	9204.83	112448	673788	25533.5	63114.2	
7044	68.472	10957.6	33894.5	7534.8	9182.98	112828	673149	25706.8	63733.6	
7045	69.012	10995.2	34064.3	7559.48	9175.72	113077	675712	25953.3	64382.5	
7046	69.551	11021.5	34218.1	7577.14	9153.91	113765	683595	26190.9	64978.3	
7047	70.11	11025.3	34289.6	7587.75	9161.17	114478	683970	26458.8	65662.3	
7048	70.644	11044.1	34504.6	7612.48	9139.36	114957	687550	26762.1	66436.4	
7049	71.194	11070.4	34637.2	7626.61	9143	115884	695581	27076.7	67132.5	
7050	71.764	11081.7	34742.4	7647.84	9132.09	116777	695968	27412.7	67877.4	
7051	72.283	11089.3	34931	7683.2	9117.55	117467	698976	27755.5	68698.5	
7052	72.833	11153.3	35058.9	7690.28	9121.17	118592	707790	28140.2	69466.3	
7053	73.403	11142	35142.5	7711.53	9117.55	119632	708762	28466.7	70276.4	
7054	73.962	11187.3	35354.6	7746.95	9106.64	120489	711390	28906.4	71210.6	
7055	74.522	11213.7	35494.5	7761.13	9113.92	121810	717667	29318.4	71857.1	
7056	75.062	11228.8	35556.2	7775.3	9099.39	123063	721845	29707.5	72690.4	
7057	75.611	11255.2	35730.3	7810.75	9106.64	124085	723549	30124.7	73715.8	
7058	76.161	11274.1	35854.1	7814.3	9099.39	125155	730148	30544.6	74307.2	
7059	76.711	11296.8	35933	7832.03	9092.11	126455	734853	30920.1	74986.7	
7060	77.261	11304.3	36074.1	7885.3	9103.02	127492	734242	31355.7	75794	
7061	77.79	11364.9	36226.8	7895.95	9103.02	128691	743205	31810.1	76599.3	
7062	78.34	11372.5	36294.8	7920.83	9095.75	130112	748006	32219.7	77325.6	
7063	78.89	11383.8	36385.6	7942.16	9103.02	131159	746773	32621	78193.5	
7064	79.439	11429.3	36556.1	7952.83	9113.92	132331	755589	33084.2	78923.2	
7065	80.009	11452	36578.9	7967.06	9113.92	133715	760137	33463.7	79590	
7066	80.529	11471	36692.8	7999.08	9113.92	134787	758672	33910.9	80460.4	
7067	81.079	11501.3	36835.5	8006.19	9124.81	135902	767653	34339.1	81218.9	
7068	81.628	11550.6	36898.4	8013.31	9128.45	137312	773260	34692.5	81802	
7069	82.168	11535.5	36932.7	8066.75	9132.09	138313	770621	35125.8	82622.8	
7070	82.768	11581	37104.6	8063.19	9124.81	139418	778734	35567.4	83348.3	
7071	83.265	11603.8	37133.3	8081	9132.09	140844	784755	35933	83893.6	
7072	83.814	11607.6	37167.7	8109.53	9146.63	141812	781453	36306.2	84722.9	
7073	84.354	11641.8	37317.2	8113.09	9150.27	142825	789800	36789.8	85423.3	
7074	84.914	11664.7	37351.7	8127.38	9153.91	143982	797446	37098.9	85938.8	
7075	85.454	11691.3	37403.6	8163.06	9146.63	145123	795943	37420.8	86744.2	
7076	86.017	11714.2	37507.3	8173.78	9161.17	146024	799787	37924.1	87384.9	
7077	86.542	11748.5	37513.1	8180.92	9164.81	147194	807544	38209.1	87782.3	
7078	87.102	11756.1	37559.3	8213.06	9179.36	148271	805381	38524.6	88636.2	
7079	87.642	11771.3	37646	8209.5	9175.72	148940	808078	38953.4	89126.2	
7080	88.182	11782.8	37582.4	8205.92	9161.17	149937	814318	39177.7	89443.3	
7081	88.773	11798	37646	8234.52	9190.27	151057	812980	39527.4	90301.4	
7082	89.29	11817.1	37790.7	8241.67	9193.91	151829	816459	39968.4	90933.5	
7083	89.83	11866.7	37779.1	8252.39	9201.19	153093	823790	40238	91312.5	
7084	90.37	11870.5	37779.1	8281.02	9204.83	154035	821939	40496.5	92086.3	
7085	90.919	11885.8	37871.8	8288.17	9215.75	154697	823302	40883.1	92775.6	
7086	91.469	11912.6	37924.1	8298.91	9226.67	155860	832432	41168.4	93207.6	
7087	92.019	11935.5	37924.1	8313.23	9244.88	156803	829820	41424.3	93836.2	
7088	92.554	11931.7	38017	8338.3	9244.88	157337	829424	41760.8	94411.2	
7089	93.104	11958.5	38005.4	8334.7	9237.59	158362	839113	42025	94699.9	
7090	93.653	11973.8	38028.6	8359.8	9244.88	159323	836463	42259.3	95268.5	
7091	94.203	11973.8	38104.3	8366.95	9255.8	159795	835928	42630.8	95910.6	
7092	94.773	12023.5	38162.5	8370.55	9274.02	160902	846027	42904.5	96309.6	
7093	95.299	12012	38139.2	8392.05	9270.38	161778	843168	43054.2	96769.3	
7094	95.839	12038.8	38220.8	8402.8	9281.3	162144	842896	43379.7	97469	
7095	96.388	12054.2	38261.6	8399.22	9274.02	163366	853390	43650	97659.6	
7096	96.938	12054.2	38226.6	8388.45	9288.59	163779	848457	43757.1	98101.7	
7097	97.508	12069.5	38273.3	8402.8	9292.25	164215	849006	44085.8	98738.5	
7098	98.027	12096.3	38308.3	8424.33	9303.17	165317	858024	44333.3	99052.3	
7099	98.577	12100.2	38296.6	8442.27	9295.89	166017	855161	44486.1	99525.1	
7100	99.127	12115.5	38372.5	8435.09	9310.47	166569	854848	44754.2	100153	
7101	99.666	12150	38384.2	8438.69	9314.13	167407	864119	44984.7	100398	
7102	100.216	12153.9	38366.7	8456.63	9332.36	168129	860410	45145.3	100877	
7103	100.766	12169.2	38448.5	8467.41	9336	168425	859742	45428.7	101432	
7104	101.316	12184.6	38442.7	8478.17	9339.66	169374	870113	45603.2	101668	
7105	101.855	12184.6	38442.7	8474.58	9354.25	170018	865540	45739.2	102072	
7106	102.405	12192.3	38495.3	8503.31	9361.55	170318	864367	45979.4	102609	
7107	102.945	12203.8	38512.9	8499.72	9368.84	171191	868608	46194.3	102816	
7108	103.514	12219.2	38471.9	8510.5	9387.09	171945	869790	46240	103162	
7109	104.127	12219.2	38559.8	8510.5	9379.8	172363	865824	46508.1	103591	
7110	104.605	12261.5	38606.7	8517.69	9365.2	172919	873283	46790.3	104009	
7111	105.134	12242.3	38600.8	8514.09	9401.72	173831	875601	46862.7	104175	
7112	105.684	12246.1	38600.8	8517.69	9405.36	173934	870113	47027.4	104691	
7113	106.264	12257.6	38647.7	8535.66	9394.41	174439	876801	47245.4	105037	
7114	106.783	12276.9	38653.6	8524.88	9409.02	175408	879319	47252.1	105217	
7115	107.323	12253.8	38618.4	8542.84	9419.98	175547	879063	47404.4	105719	
7116	107.873	12296.1	38706.4	8546.45	9416.31	175895	880454	47710.1	106153	
7117	108.413	12299.9	38682.9	8553.64	9430.94	176523	887471	47730	106361	
7118	108.962	12307.6	38636	8564.42	9441.91	177061	883618	47816.7	106745	
7119	109.522	12315.3	38671.2	8575.22	9449.2	177155	882144	48010.3	107248	
7120	110.052	12342.3	38712.3	8564.42	9449.2	178072	890868	48157.5	107386	
7121	110.601	12338.4	38682.9	8575.22	9471.16	178497	886320	48177.6	107695	
7122	111.151	12338.4	38747.5	8589.61	9452.88	178533	885763	48399.1	108269	
7123	111.691	12365.4	38765.1	8582.41	9474.81	179269	889335	48520.1	108322	
7124	112.27	12357.7	38712.3	8596.8	9489.44	179913	889671	48533.6	108634	
7125	112.79	12338.4	38712.3	8593.2	9485.78	179734	885282	48675.1	109026	
7126	113.34	12361.5	38747.5	8600.41	9489.44	180512	890681	48850.7	109146	
7127	113.88	12384.7	38724	8607.61	9500.42	181210	891768	48816.9	109353	
7128	114.429	12338.4	38706.4	8604	9500.42	181162	886357	48972.5	109816	
7129	115.009	12373.1	38771	8596.8	9500.42	181633	893384	49074.2	109910	
7130	115.529	12373.1	38724	8607.61	9504.08	182239	894627	49121.7	110132	
7131	116.068	12377	38823.9	8618.41	9511.41	182592	890119	49318.8	110544	
7132	116.618	12396.2	38871	8618.41	9522.38	183007	897618	49468.6	110828	
7133	117.158	12407.8	38847.5	8618.41	9529.7	183755	899786	49536.8	110923	
7134	117.708	12407.8	38865.1	8625.61	9540.69	183792	899291	49605.1	111352	
7135	118.267	12427.1	38912.2	8632.8	9529.7	184038	900282	49796.6	111721	
7136	118.798	12442.5	38888.7	8629.2	9551.67	184543	905925	49803.4	111844	
7137	119.36	12427.1	38823.9	8647.22	9562.66	184939	901697	49817.1	112228	
7138	119.89	12438.7	38894.5	8654.42	9566.31	184989	899825	49988.6	112765	
