7140	0.657	12643.5	39230.9	8791.5	9970.81	201954	929307	53207.4	125901	
7141	1.196	12651.3	39195.4	8787.89	9970.81	201801	935528	53200.3	125535	
7142	1.756	12643.5	39154.1	8773.45	9974.48	202037	935447	53157.3	125357	
7143	2.286	12601	39130.4	8769.83	9974.48	201856	928217	53100	125520	
7144	2.835	12635.8	39100.9	8766.22	9963.42	201509	934874	53107.2	125706	
7145	3.397	12628	39112.7	8762.61	9974.48	201926	941039	53092.9	125605	
7146	3.927	12628	39047.8	8759	9981.88	201926	934670	52992.8	125729	
7147	4.477	12620.3	39095	8769.83	9981.88	201578	929954	53078.6	126127	
7148	5.026	12643.5	39118.6	8769.83	9978.19	202093	934874	53150.1	125893	
7149	5.566	12601	39053.7	8755.39	9985.56	202441	934874	53021.4	125947	
7150	6.126	12616.4	39083.2	8769.83	9978.19	201898	930197	53100	126345	
7151	6.666	12639.7	39112.7	8766.22	9974.48	202399	935774	53135.8	126134	
7152	7.205	12628	39106.8	8755.39	9985.56	202987	936224	53135.8	126103	
7153	7.765	12612.5	39106.8	8769.83	9981.88	202595	930278	53143	126283	
7154	8.305	12631.9	39142.3	8769.83	9981.88	202777	937003	53250.4	126377	
7155	8.854	12628	39100.9	8766.22	9992.94	203323	936634	53178.8	126337	
7156	9.403	12612.5	39130.4	8766.22	9989.27	202973	930278	53193.1	126572	
7157	9.943	12628	39201.4	8777.06	9996.64	202833	936798	53293.4	126784	
7158	10.543	12651.3	39148.2	8755.39	9992.94	203632	939924	53243.2	126486	
7159	11.083	12655.1	39160	8780.67	9996.64	203295	936962	53307.8	126910	
7160	11.632	12635.8	39100.9	8787.89	10018.8	203604	937824	53150.1	126925	
7161	12.182	12647.4	39189.5	8798.73	10015.1	203492	933121	53257.6	127358	
7162	12.726	12655.1	39248.7	8780.67	10022.5	203675	938276	53386.7	127161	
7163	13.335	12659	39195.4	8777.06	10011.4	204154	940213	53271.9	126988	
7164	13.865	12666.8	39213.2	8773.45	10026.2	203900	945273	53322.1	127374	
7165	14.415	12662.9	39148.2	8795.13	10037.3	204013	939388	53221.7	127469	
7166	14.965	12655.1	39201.4	8798.73	10029.9	203773	936880	53322.1	127832	
7167	15.514	12682.3	39207.3	8777.06	10041	204267	940337	53358	127650	
7168	16.054	12655.1	39154.1	8784.28	10044.7	204634	939759	53358	127587	
7169	16.604	12651.3	39207.3	8805.95	10037.3	204408	935120	53372.3	128062	
7170	17.203	12674.5	39236.8	8784.28	10029.9	204578	940502	53408.2	127872	
7171	17.753	12670.6	39272.4	8795.13	10041	204394	941246	53415.4	128047	
7172	18.288	12682.3	39225	8780.67	10059.5	204776	945023	53444.2	127730	
7173	18.838	12744.3	39539.2	8845.7	10096.4	206386	947110	53732.1	129019	
7174	19.387	12821.9	39831	8896.34	10126	207075	950088	54093.6	129830	
7175	19.937	12876.3	39992.3	8903.59	10152	208216	958825	54260.4	130242	
7176	20.527	12899.7	40052.1	8936.17	10185.3	208783	956819	54442.2	130566	
7177	21.074	12938.6	40130	8950.66	10196.4	209614	958398	54551.5	130655	
7178	21.69	12969.7	40244	8994.16	10218.6	209585	953549	54609.8	131192	
7179	22.219	12969.7	40172	8983.27	10248.3	209746	958997	54602.5	128955	
7180	22.769	12985.3	38888.7	8983.27	10240.9	209030	930521	53193.1	106172	
7181	23.319	12814.2	31424.2	8665.23	10270.6	202595	808361	46403.4	60391.6	
7182	23.859	11985.2	20545.9	7524.2	10259.4	172340	599984	34223.6	30114.4	
7183	24.413	10111.2	14955.3	5580.61	10252	118475	416357	23285.3	17250.5	
7184	24.962	7856.88	12276.9	3923.13	10270.6	71749	293586	16182.1	11721.8	
7185	25.512	6124.3	10713.9	2972.78	10255.7	44562.6	216477	12146.2	9059.44	
7186	26.062	5049.2	9716.73	2460.84	10263.1	30388.8	169109	9849.14	7566.56	
7187	26.612	4360.02	9023.16	2131.91	10240.9	22708.2	138001	8481.75	6701.39	
7188	27.156	3913.23	8510.5	1912.72	10222.3	18317.4	117930	7697.38	6124.3	
7189	27.706	3578.2	8098.84	1760.81	10229.8	15624.6	104079	7158.5	5723.69	
7190	28.266	3326.72	7810.75	1669.25	10189	13829.2	94353.5	6816.19	5451.5	
7191	28.805	3121.86	7555.97	1574.7	10185.3	12662.9	87320.6	6566.08	5265.19	
7192	29.365	2963.08	7362.14	1508.63	10174.2	11767.5	82287.5	6431.08	5130.09	
7193	29.918	2840.28	7193.56	1455.2	10137.1	11176	78640.3	6306.78	5042.47	
7194	30.459	2733.89	7091.97	1420.66	10118.6	10710.2	76105.8	6248.17	4991.98	
7195	31.01	2637.34	7004.53	1389.28	10096.4	10408	74288.6	6220.63	4971.81	
7196	31.559	2579.52	6959.13	1348.5	10081.6	10163.1	73174.1	6241.28	4981.91	
7197	32.109	2518.53	6903.3	1342.23	10063.1	10044.7	72581.3	6255.06	4991.98	
7198	32.659	2467.23	6906.78	1335.97	10026.2	9963.42	72309	6279.19	5008.81	
7199	33.211	2425.61	6868.44	1329.7	10026.2	9908.09	72227.5	6320.58	5032.38	
7200	33.761	2384	6861.47	1310.91	9996.64	9893.36	72354.3	6348.19	5018.91	
7201	34.31	2352.02	6837.08	1314.05	9981.88	9871.25	72336.2	6396.52	5035.75	
7202	34.86	2323.27	6833.59	1310.91	9956.03	9900.72	72644.9	6406.88	5022.28	
7203	35.418	2304.09	6823.14	1307.78	9937.59	9885.98	72772.3	6451.83	5025.64	
7204	35.968	2278.55	6816.19	1292.13	9911.78	9933.91	73164.9	6503.72	5049.2	
7205	36.527	2256.2	6819.67	1298.38	9882.3	9908.09	73504.2	6527.95	5066.05	
7206	37.067	2240.25	6819.67	1288.98	9878.61	9956.03	73890.9	6548.73	5069.42	
7207	37.617	2243.44	6833.59	1304.64	9867.56	10004	74316.4	6611.14	5099.75	
7208	38.166	2230.69	6833.59	1301.52	9845.45	10055.8	74809.3	6642.36	5140.22	
7209	38.716	2217.92	6882.38	1298.38	9804.97	10114.9	75426.9	6694.45	5170.58	
7210	39.276	2205.17	6878.89	1298.38	9804.97	10170.5	75869.5	6753.55	5204.36	
7211	39.826	2201.98	6906.78	1304.64	9764.52	10240.9	76599.3	6798.78	5200.97	
7212	40.375	2205.17	6934.7	1295.25	9768.19	10285.4	76980.8	6854.5	5244.91	
7213	40.925	2205.17	6931.2	1310.91	9749.81	10341.1	77671.8	6882.38	5258.42	
7214	41.475	2189.23	6973.09	1314.05	9731.44	10400.6	78261.3	6924.23	5309.17	
7215	42.034	2198.8	6987.08	1326.58	9702.03	10463.9	78854.9	6962.63	5336.25	
7216	42.581	2201.98	7025.5	1329.7	9691.03	10516	79501.5	7015.03	5363.34	
7217	43.129	2195.61	7049.98	1326.58	9680.02	10613	80142.9	7056.97	5373.52	
7218	43.679	2205.17	7081.47	1332.84	9639.64	10680.3	80928.7	7109.47	5420.97	
7219	44.259	2211.55	7081.47	1332.84	9639.64	10751.3	81178.8	7147.98	5434.53	
7220	44.789	2211.55	7116.47	1342.23	9617.64	10807.5	81923.2	7172.53	5427.75	
7221	45.338	2195.61	7119.98	1351.64	9610.31	10856.3	82317.9	7204.08	5458.3	
7222	45.888	2201.98	7133.98	1342.23	9588.31	10923.8	82714.4	7249.7	5458.3	
7223	46.438	2208.36	7151.5	1342.23	9577.31	10927.6	83225.2	7256.72	5492.25	
7224	47.007	2201.98	7155	1342.23	9555.33	10991.4	83574.3	7284.81	5516.02	
7225	47.537	2205.17	7186.55	1348.5	9540.69	11055.4	84131.3	7326.98	5536.41	
7226	48.091	2208.36	7200.58	1354.78	9540.69	11074.2	84577.3	7337.52	5546.61	
7227	48.641	2227.48	7249.7	1351.64	9496.77	11134.5	85182.3	7369.19	5570.41	
7228	49.191	2214.73	7253.2	1367.31	9507.73	11194.8	85444.3	7407.89	5584.02	
7229	49.751	2227.48	7277.78	1367.31	9482.13	11259	86065.5	7429.02	5597.63	
7230	50.29	2237.06	7281.3	1370.45	9482.13	11296.8	86340.6	7460.72	5635.08	
7231	50.84	2240.25	7312.92	1383	9463.83	11380	86797.4	7485.41	5641.89	
7232	51.4	2240.25	7334	1379.86	9438.25	11395.2	87128.1	7495.97	5655.52	
7233	51.954	2240.25	7341.05	1389.28	9423.63	11455.8	87610.2	7510.09	5655.52	
7234	52.504	2243.44	7379.73	1386.14	9409.02	11501.3	87997.7	7552.44	5696.41	
7235	53.044	2246.63	7386.77	1401.83	9416.31	11562	88408.5	7584.22	5733.92	
7236	53.594	2253.02	7414.94	1395.55	9387.09	11584.8	88886.3	7612.48	5740.75	
7237	54.143	2249.83	7436.06	1411.23	9390.75	11653.3	89333.8	7647.84	5785.13	
7238	54.7	2268.97	7474.83	1404.97	9372.5	11714.2	89871.3	7686.75	5798.78	
7239	55.259	2272.17	7495.97	1411.23	9357.89	11771.3	90047.6	7697.38	5826.11	
7240	55.799	2288.13	7520.67	1414.38	9354.25	11809.5	90689	7729.23	5839.78	
7241	56.349	2278.55	7545.38	1417.52	9321.42	11836.2	90911.2	7761.13	5877.41	
7242	56.908	2288.13	7573.61	1408.09	9317.77	11897.3	91569.7	7810.75	5894.52	
7243	57.45	2288.13	7601.88	1433.22	9321.42	11954.6	91985	7832.03	5939.03	
7244	58.01	2297.7	7633.69	1433.22	9310.47	12000.5	92639.6	7885.3	5969.86	
7245	58.549	2304.09	7669.06	1433.22	9288.59	12100.2	93207.6	7927.94	6028.16	
7246	59.099	2316.88	7715.06	1442.64	9299.53	12203.8	93847.6	7970.61	6045.31	
7247	59.649	2329.64	7754.03	1461.48	9277.67	12249.9	94503.5	8034.69	6093.38	
7248	60.238	2329.64	7793.02	1464.63	9263.09	12369.3	95105.7	8063.19	6127.73	
7249	60.758	2323.27	7785.92	1461.48	9230.3	12400.1	95326.7	8088.14	6162.13	
7250	61.298	2342.42	7842.69	1467.77	9182.98	12519.7	95816.9	8091.7	6206.84	
7251	61.848	2355.22	7881.73	1483.47	9161.17	12573.9	96392	8159.5	6265.41	
7252	62.397	2368.02	7945.72	1483.47	9135.72	12721	97100.8	8170.2	6344.72	
7253	62.947	2371.2	8034.69	1492.91	9099.39	12829.7	98029.8	8252.39	6469.13	
7254	63.517	2387.2	8163.06	1514.91	9081.22	13020.4	99415.8	8349.03	6659.72	
7255	64.046	2422.41	8356.2	1540.08	9077.59	13219.5	101210	8514.09	6889.36	
7256	64.606	2448.02	8578.81	1562.13	9059.44	13580.6	103560	8668.83	7204.08	
7257	65.146	2489.67	8860.17	1593.61	9048.56	13959.8	106452	8914.45	7555.97	
7258	65.695	2524.95	9164.81	1631.42	9037.67	14465.4	110045	9186.64	7938.59	
7259	66.27	2569.88	9511.41	1694.48	9023.16	15048.1	113814	9489.44	8377.7	
7260	66.8	2624.48	9900.72	1741.86	9012.27	15718.5	118577	9838.11	8831.25	
7261	67.35	2688.81	10285.4	1801.91	9008.64	16454.6	123230	10196.4	9303.17	
7262	67.909	2753.2	10740.1	1852.55	9001.39	17267.3	128563	10609.3	9830.73	
7263	68.449	2804.8	11149.5	1912.72	9008.64	18146.7	134258	11036.6	10356	
7264	69.009	2882.27	11645.7	1969.81	9008.64	19082.8	140358	11512.7	10923.8	
7265	69.538	2956.61	12130.9	2033.31	8994.16	20121.7	146803	11962.3	11493.7	
7266	70.088	3034.31	12643.5	2096.91	8997.78	21170	153416	12473.4	12088.7	
7267	70.638	3105.63	13145.3	2160.56	9012.27	22323.4	160581	12981.4	12686.1	
7268	71.188	3170.55	13671.2	2221.11	8997.78	23536.3	167450	13521.6	13360.5	
7269	71.767	3258.33	14214	2291.31	8990.53	24797.2	175489	14055	13971.7	
7270	72.287	3336.48	14721.8	2361.63	9008.64	26127.8	182861	14593.5	14605.5	
7271	72.837	3424.55	15299.1	2419.2	8986.89	27487.1	190728	15189.6	15282.9	
7272	73.386	3493.14	15792.1	2492.88	9001.39	28931.7	198774	15734.8	15943.7	
7273	73.936	3584.75	16338.8	2553.83	9012.27	30352.5	207018	16376	16637	
7274	74.506	3676.52	16840.8	2611.64	9008.64	31937.5	215471	16953.4	17284.1	
7275	75.025	3752.02	17330.3	2688.81	9023.16	33452.8	223555	17566	18031.8	
7276	75.583	3850.66	17862	2740.33	9019.53	35047.8	232856	18172.3	18677.3	
7277	76.133	3933.02	18330.2	2804.8	9030.41	36658.6	240518	18784.9	19390.8	
7278	76.673	4018.8	18828	2862.88	9026.8	38331.6	249656	19408.2	20104.1	
7279	77.222	4091.48	19264.8	2927.5	9048.56	40016.2	258355	20002.9	20803.7	
7280	77.782	4194.09	19761.7	2998.67	9048.56	41717.8	267005	20679.1	21516	
7281	78.322	4283.63	20165.8	3047.27	9048.56	43480.2	275694	21223.8	22204.8	
7282	78.872	4356.69	20581.4	3118.61	9055.81	45183.9	283835	21854.9	22933.8	
7283	79.421	4459.83	21013.4	3170.55	9055.81	46928.5	293539	22492.6	23620.2	
7284	79.971	4543.14	21358.5	3212.8	9070.34	48634.7	301347	23035.3	24309.6	
7285	80.531	4623.25	21777.9	3284.38	9055.81	50436.1	309779	23704.2	25006.7	
7286	81.06	4716.86	22131.9	3320.19	9077.59	52260.6	318520	24257.7	25692.4	
7287	81.62	4790.53	22478.9	3382.14	9092.11	53970.5	325420	24844.7	26414.9	
7288	82.16	4887.81	22855.4	3434.34	9095.75	55734	334805	25456.6	27091.5	
7289	82.709	4955	23137	3486.61	9099.39	57561.2	342751	25963	27770.4	
7290	83.279	5029.02	23438.6	3538.94	9103.02	59261.2	350048	26527.1	28502	
7291	83.804	5109.86	23778.9	3597.86	9099.39	60990.5	358598	27071.8	29155.3	
7292	84.344	5200.97	24017.9	3630.61	9113.92	62701.1	366282	27586.3	29774.3	
7293	84.9	5268.58	24309.6	3679.8	9117.55	64366	373201	28130.1	30487.4	
7294	85.439	5346.41	24616.8	3732.31	9113.92	66073.7	381564	28698.8	31129.7	
7295	85.989	5424.36	24844.7	3765.17	9132.09	67765.7	389129	29165.5	31757.1	
7296	86.549	5499.03	25087.8	3824.34	9139.36	69440	395546	29656.2	32497.7	
7297	87.079	5577.22	25360.6	3853.95	9135.72	71040.8	403639	30166	33105.9	
7298	87.628	5645.28	25528.7	3903.36	9161.17	72708.6	410743	30586.2	33741.5	
7299	88.178	5716.88	25846.8	3949.5	9161.17	74149.7	417294	31098.2	34421.8	
7300	88.728	5798.78	25987.2	4002.28	9161.17	75860	426034	31545.6	35014.4	
7301	89.277	5860.31	26171.5	4045.22	9153.91	77373.6	431064	31948.1	35640.4	
7302	89.817	5932.17	26414.9	4071.66	9182.98	78806.1	437379	32454.8	36323.2	
7303	90.367	6011	26615.1	4114.64	9197.55	80490.2	446224	32884.5	36921.3	
7304	90.917	6072.77	26757.2	4160.97	9201.19	82024.2	451024	33246.6	37536.2	
7305	91.466	6155.23	26993	4197.41	9201.19	83389.3	456876	33725.1	38180	
7306	92.016	6224.08	27175.3	4233.86	9204.83	84900.1	465551	34102.7	38747.5	
7307	92.556	6286.08	27298.9	4273.67	9219.39	86404.2	469878	34405.3	39349.4	
7308	93.105	6341.28	27506.9	4303.53	9212.09	87642.4	475458	34886.6	40016.2	
7309	93.645	6417.25	27690.8	4356.69	9230.3	89158.9	483814	35254.1	40502.5	
7310	94.195	6482.95	27775.4	4383.28	9233.95	90578.1	488057	35539.4	41095.4	
7311	94.745	6531.42	27985	4433.17	9237.59	91861.3	492764	35961.2	41766.9	
7312	95.284	6593.8	28145.2	4459.83	9237.59	93218.9	501000	36317.5	42240.7	
7313	95.834	6656.25	28250.5	4496.45	9259.45	94549.7	504827	36556.1	42848.4	
7314	96.384	6711.83	28441.5	4556.48	9252.16	95746.7	509609	36990	43486.5	
7315	96.933	6781.38	28582.6	4566.48	9259.45	97160.1	517711	37282.7	43978.2	
7316	97.473	6833.59	28683.6	4609.89	9270.38	98461.6	521018	37513.1	44537.1	
7317	98.033	6899.81	28855.7	4649.97	9284.95	99525.1	526509	37941.5	45171	
7318	98.572	6969.61	28987.6	4673.38	9281.3	100907	533780	38203.3	45648.5	
7319	99.122	7018.52	29053.6	4713.52	9306.83	102147	536612	38442.7	46227	
7320	99.662	7074.47	29231.7	4743.64	9292.25	103175	540970	38771	46783.7	
7321	100.242	7137.48	29344	4777.14	9295.89	104493	548936	39071.4	47245.4	
7322	100.771	7179.53	29435.9	4800.59	9314.13	105629	551516	39278.3	47823.3	
7323	101.311	7225.13	29594.6	4847.53	9295.89	106614	555426	39569	48372.2	
7324	101.871	7295.34	29707.5	4881.09	9317.77	107866	563186	39843	48884.5	
7325	102.41	7348.08	29800	4918.03	9336	109000	565949	40070.1	49420.9	
7326	102.95	7397.33	29949.2	4951.63	9343.3	109964	570685	40340	49940.5	
7327	103.52	7453.69	30042.1	4975.17	9343.3	111154	577060	40605	50394.7	
7328	104.04	7499.5	30114.4	5015.55	9350.59	112201	579235	40780.2	50935	
7329	104.589	7548.91	30228.1	5035.75	9354.25	113104	583521	41046.8	51479.3	
7330	105.139	7598.34	30347.3	5059.31	9361.55	114212	589707	41265.7	51858.4	
7331	105.689	7647.84	30404.3	5096.38	9379.8	115267	592184	41399.8	52437.7	
7332	106.228	7697.38	30560.2	5140.22	9383.45	116126	595970	41693.3	52957.1	
7333	106.778	7746.95	30638.3	5157.09	9372.5	117230	602874	41883.5	53322.1	
7334	107.328	7789.47	30726.9	5190.84	9387.09	118221	604234	42086.5	53898.2	
7335	107.878	7839.13	30867.8	5224.63	9387.09	119015	608574	42352	54376.7	
7336	108.425	7903.05	30904.5	5234.77	9387.09	120104	614717	42482	54748.5	
7337	108.964	7935.05	30982.9	5268.58	9409.02	121040	616240	42649.4	55313.3	
7338	109.524	7977.72	31134.9	5305.78	9409.02	121780	619859	42954.4	55822.9	
7339	110.064	8031.13	31187.5	5326.09	9405.36	122828	625919	43023	56157.1	
7340	110.613	8070.31	31266.3	5356.58	9423.63	123741	627572	43166.7	56724.7	
7341	111.163	8120.23	31397.9	5387.06	9419.98	124485	630491	43455	57183.3	
7342	111.703	8173.78	31440	5414.19	9423.63	125473	637520	43536.7	57515.7	
7343	112.272	8195.2	31498	5458.3	9427.28	126361	638101	43668.9	58085.7	
7344	112.792	8241.67	31630.1	5468.47	9438.25	126988	641777	43940.3	58575.3	
7345	113.342	8298.91	31667.1	5495.63	9438.25	128015	647616	44003.5	58906	
7346	113.892	8331.13	31746.5	5533.02	9463.83	128883	648299	44142.9	59431.7	
7347	114.441	8370.55	31868.5	5546.61	9445.56	129500	652034	44409.7	59867.3	
7348	114.981	8424.33	31900.3	5577.22	9456.53	130468	657948	44486.1	60172.1	
7349	115.531	8456.63	31958.8	5621.45	9474.81	131216	658826	44575.3	60722	
7350	116.08	8488.94	32102.4	5638.48	9463.83	131896	662357	44882.2	61140.9	
7351	116.62	8557.23	32118.4	5662.33	9460.19	132752	667625	44907.8	61450.5	
7352	117.178	8582.41	32166.3	5693	9474.81	133540	667940	44984.7	61993.3	
7353	117.732	8614.8	32315.8	5720.28	9482.13	134116	671193	45261.1	62410.8	
7354	118.27	8679.64	32321.1	5740.75	9489.44	134980	677045	45293.3	62717.3	
7355	118.81	8704.89	32369.2	5764.64	9493.09	135792	676815	45344.9	63227.9	
7356	119.37	8744.56	32519.1	5788.55	9504.08	136302	679866	45635.6	63651.8	
7357	119.909	8787.89	32529.8	5798.78	9507.73	137183	685709	45680.9	63913.8	
