0	12325.3	175858	16417.3	40201.8	61471.7	27720.7
0.5	12307.1	176036	16427.9	40230.7	61530.2	27764.2
1	12330.7	176050	16412	40219.2	61475.6	27764.2
1.5	12331.4	176063	16402.4	40213.4	61452.2	27777.3
2	12332.9	176116	16404.5	40199.9	61448.4	27794.7
2.5	12336	176188	16370.5	40192.2	61456.1	27827.4
3	12339	176281	16399.2	40180.7	61460	27844.9
3.5	12342.1	176367	16402.4	40155.7	61467.8	27868.9
4	12344.4	176447	16399.2	40132.7	61471.7	27888.7
4.5	12348.9	176526	16392.8	39972.2	61495.1	27928.1
5	12353.5	176573	16377.9	39901.8	61510.7	27950.1
5.5	12356.6	176566	16372.6	39765.4	61518.5	27972.1
6	12362.7	176520	16381.1	39678.6	61530.2	27998.5
6.5	12366.5	176553	16381.1	39607.1	61530.2	28020.5
7	12378.7	176652	16399.2	39565.9	61584.9	28058.1
7.5	12383.3	176726	16387.5	39515.3	61565.4	28069.1
8	12385.6	176726	16376.9	39457.4	61569.3	28086.8
8.5	12389.4	176746	16380.1	39446.2	61557.6	28104.5
9	12397	176779	16373.7	39449.9	61581	28122.3
9.5	12402.4	176905	16377.9	39453.7	61577.1	28133.4
10	12407	176999	16387.5	39491	61592.7	28153.3
10.5	12412.4	177166	16385.4	39537.8	61600.6	28168.9
11	12390.9	177279	16397.1	39579	61628	28195.6
11.5	12420.8	177440	16396	39560.3	61651.4	28211.2
12	12422.3	177500	16392.8	39524.7	61651.4	28224.6
12.5	12423.9	177527	16392.8	39485.4	61663.2	28237.9
13	12443.8	177998	16450.3	39507.8	61843.9	28316.2
13.5	12445.4	177971	16443.9	39530.3	61804.5	28313.9
14	12444.6	178004	16435.4	39560.3	61800.6	28322.9
14.5	12444.6	178045	16440.7	39582.8	61792.7	28331.9
15	12444.6	178119	16432.2	39530.3	61788.8	28347.6
15.5	12446.9	178227	16440.7	39616.5	61812.4	28352.1
16	12445.4	178281	16436.5	39627.8	61816.3	28365.5
16.5	12445.4	178356	16436.5	39622.2	61820.3	28374.5
17	12446.9	178390	16357.8	39364.3	61847.8	28385.8
17.5	12446.1	178139	15870.8	38599.2	61808.5	28358.8
18	12412.4	176919	14902.5	37455.5	61631.9	28224.6
18.5	12273	173774	13701.1	36248.2	61203.8	27917.1
19	11961	168208	12526.4	35052.8	60472.6	27363.7
19.5	11477.4	160594	11663.4	34170.7	59578.5	26774.6
20	10847.4	150992	10991	33402.8	58387.8	25963.3
20.5	10179.2	140779	10505	32828.4	57164.7	25087.3
21	9548.98	130877	10086.4	32382.5	56014.6	24211.7
21.5	8980.54	121698	9691.12	32025.1	54974	23368.6
22	8470.21	113234	9345.85	31733.4	53962.5	22545.1
22.5	8004.4	105314	9102.25	31540.3	52985.1	21788.9
23	7579.4	98065	8954.19	31431.3	52119.4	21102.5
23.5	7211.89	91748.2	8875.58	31397.3	51397.8	20520.2
24	6906.41	86504.2	8836.51	31403.8	50791.2	20019.7
24.5	6658.87	82275	8833.27	31450.9	50315.7	19607.4
25	6467.99	78961.9	8852.77	31519.2	49951.5	19228.4
25.5	6325.23	76507.6	8907.16	31598.3	49817.5	19030.3
26	6210.55	74543.5	8935.57	31667	49618.8	18798.2
26.5	6126.78	73093.7	8971.75	31744	49497.1	18614.6
27	6061.17	72027.7	9003.65	31813.3	49287.1	18465.4
27.5	6018.77	71234.6	9038.99	31880.1	49405.4	18339.9
28	5982.83	70639.8	9080	31949.8	49397.3	18232.5
28.5	5960.25	70190.9	9122.32	32018.3	49402.7	18148.8
29	5945.5	69883	9155.85	32087.1	49448.5	18082.4
29.5	5937.74	69683.9	9196.25	32164.3	49497.1	18024.8
30	5940.07	69567.8	9234.56	32225.4	49545.7	17976.9
30.5	5945.5	69500.2	9267.36	32288.1	49621.5	17948.3
31	5955.59	69255	9296.86	32353.7	49686.7	17924.5
31.5	5981.27	69659.7	9354.99	32455.2	49913.1	17940
32	5992.19	69659.7	9373.3	32471.7	49880.3	17905.5
32.5	6010.16	69708.1	9401.98	32540.6	49924.1	17885.3
33	6031.31	69824.6	9436.5	32605.6	49989.9	17882.9
33.5	6059.6	69965.8	9471.15	32659.7	50039.4	17881.7
34	6087.98	70183.5	9511.73	32727.9	50105.5	17881.7
34.5	6122.02	70429.5	9548.98	32792	50171.7	17897.2
35	6160.98	70716.8	9596.91	32869	50260.2	17913.8
35.5	6199.33	71051.2	9638.02	32930.8	50329.6	17932.8
36	6241.08	71396	9669.85	32991.3	50407.4	17957.9
36.5	6283.85	71766.7	9695.86	33053.5	50482.7	17948.3
37	6331.74	72163.9	9727.88	33114.4	50577.7	18016.4
37.5	6379.09	72575.4	9763.57	33174	50656.2	18046.4
38	6430	73014.8	9804.18	33226.7	50751.8	18087.3
38.5	6480.41	73421.6	9837.75	33292.4	50675.9	18123.4
39	6532.79	73851.2	9865.41	33341.1	50907.1	18159.7
39.5	6584.67	74282.5	9897.98	33382.6	50977.9	18194.8
40	6638.57	74715.6	9927.03	33440.2	51043.2	18231.2
40.5	6691.97	75139.3	9962.23	33482	51111.5	18277.5
41	6744.85	75581.3	9991.46	33542.6	51188.6	18314.2
41.5	6804.1	76047.6	10031.8	33618	51311.6	18365.6
42	6855.1	76464.8	10070.4	33674.7	51348.9	18405
42.5	6910.77	76914.9	10089.5	33750.5	51426.6	18454.3
43	6968.57	77387.2	10155.6	33830.9	51515.9	18500.1
43.5	7025.88	77879.3	10205.3	33889.6	51602.7	18558.5
44	7092.48	78556.2	10301.7	34006	51820.6	18650.9
44.5	7153.33	79070.7	10369.2	34154.3	51917	18714.9
